# File generated by charuco_calibration
image_width: 640
image_height: 480
distortion_model: rational_polynomial
camera_name: camera
camera_matrix:
  rows: 3
  cols: 3
  data: [ 14616.2, 0, 353.09, 0, 20257.4, 377.519, 0, 0, 1, ]
distortion_coefficients:
  rows: 1
  cols: 14
  data: [ 0.628871, -0.00423218, 0.129874, -0.071076, -2.25285e-06, -0.627361, 0.00423309, 2.25328e-06, 0, 0, 0, 0, 0, 0, ]
rectification_matrix:
  rows: 3
  cols: 3
  data: [ 1, 0, 0, 0, 1, 0, 0, 0, 1, ]
projection_matrix:
  rows: 3
  cols: 4
  data: [ 14616.2, 0, 353.09, 0, 0, 20257.4, 377.519, 0, 0, 0, 1, 0, ]
