# File generated by charuco_calibration
image_width: 640
image_height: 480
distortion_model: rational_polynomial
camera_name: camera
camera_matrix:
  rows: 3
  cols: 3
  data: [ 9877.09, 0, 317.812, 0, 11537.5, 239.569, 0, 0, 1, ]
distortion_coefficients:
  rows: 1
  cols: 14
  data: [ 0.137786, -0.0376974, -0.168165, -0.0799409, -5.61362e-05, -0.155226, 0.0377134, 5.61538e-05, 0, 0, 0, 0, 0, 0, ]
rectification_matrix:
  rows: 3
  cols: 3
  data: [ 1, 0, 0, 0, 1, 0, 0, 0, 1, ]
projection_matrix:
  rows: 3
  cols: 4
  data: [ 9877.09, 0, 317.812, 0, 0, 11537.5, 239.569, 0, 0, 0, 1, 0, ]
