# File generated by charuco_calibration
image_width: 1280
image_height: 720
distortion_model: rational_polynomial
camera_name: camera
camera_matrix:
  rows: 3
  cols: 3
  data: [ 367412, 0, 639.429, 0, 95538.7, 359.505, 0, 0, 1, ]
distortion_coefficients:
  rows: 1
  cols: 14
  data: [ -6.95002e-05, -7.09096e-10, 0.0358134, 0.223891, -6.01416e-15, 6.95002e-05, 7.09096e-10, 6.01416e-15, 0, 0, 0, 0, 0, 0, ]
rectification_matrix:
  rows: 3
  cols: 3
  data: [ 1, 0, 0, 0, 1, 0, 0, 0, 1, ]
projection_matrix:
  rows: 3
  cols: 4
  data: [ 367412, 0, 639.429, 0, 0, 95538.7, 359.505, 0, 0, 0, 1, 0, ]
