# File generated by charuco_calibration
image_width: 1280
image_height: 720
distortion_model: rational_polynomial
camera_name: sony_cam3
camera_matrix:
  rows: 3
  cols: 3
  data: [ 367412.0000020346, 0.0, 639.4239888881035, 0.0, 95538.69999239815, 359, 0.0, 0.0, 1.0, ]
distortion_coefficients:
  rows: 1
  cols: 14
  data: [-7.255072020002116e-05, -7.391312923175801e-10, 0.030390388762091148, 0.2516694737634143, -6.2431828403106985e-15, 0,0,0,0,0,0,0,0,0  ]
rectification_matrix:
  rows: 3
  cols: 3
  data: [ 1, 0, 0, 0, 1, 0, 0, 0, 1, ]
projection_matrix:
  rows: 3
  cols: 4
  data: [ 367412.0000020346, 0.0, 639.4239888881035, 0.0, 95538.69999239815, 359, 0.0, 0.0, 1.0, ]