camera_matrix:
- - 67412.00004392734
  - 0.0
  - 639.3592234365109
- - 0.0
  - 95538.6999998351
  - 359.4750786481301
- - 0.0
  - 0.0
  - 1.0
distortion_coefficients:
- - 0.002140370372942239
- - 5.6361018025978815e-08
- - -0.07809676771138314
- - -0.049894069038848146
- - 1.65711788787087e-12
image_height: 720
image_width: 1280
