# File generated by charuco_calibration
image_width: 1920
image_height: 1080
distortion_model: rational_polynomial
camera_name: camera
camera_matrix:
  rows: 3
  cols: 3
  data: [ 56874, 0, 962.296, 0, 54872.9, 543.55, 0, 0, 1, ]
distortion_coefficients:
  rows: 1
  cols: 14
  data: [ -3.34744, -0.000689972, 0.0820179, 0.00181738, -1.24525e-07, 3.34742, 0.000689975, 1.24527e-07, 0, 0, 0, 0, 0, 0, ]
rectification_matrix:
  rows: 3
  cols: 3
  data: [ 1, 0, 0, 0, 1, 0, 0, 0, 1, ]
projection_matrix:
  rows: 3
  cols: 4
  data: [ 56874, 0, 962.296, 0, 0, 54872.9, 543.55, 0, 0, 0, 1, 0, ]
