# File generated by charuco_calibration
image_width: 640
image_height: 480
distortion_model: rational_polynomial
camera_name: sony_cam2
camera_matrix:
  rows: 3
  cols: 3
  data: [ 7400.11, 0, 320, 0, 10133.1, 241.161, 0, 0, 1, ]
distortion_coefficients:
  rows: 1
  cols: 14
  data: [ -34.3597, 50.3144, 0.153316, -0.00526138, 0.0995293, -35.7301, -50.854, -0.100062, 0, 0, 0, 0, 0, 0, ]
rectification_matrix:
  rows: 3
  cols: 3
  data: [ 1, 0, 0, 0, 1, 0, 0, 0, 1, ]
projection_matrix:
  rows: 3
  cols: 4
  data: [ 7400.11, 0, 320, 0, 0, 10133.1, 241.161, 0, 0, 0, 1, 0, ]
