image_width: 640
image_height: 480
camera_name: sony_cam3
camera_matrix:
  rows: 3
  cols: 3
  data: [7125.992292446445, 0, 320.9442671476924, 0, 9560.893952986047, 237.117545972634, 0, 0, 1]
distortion_model: plumb_bob
distortion_coefficients:
  rows: 1
  cols: 5
  data: [-2.635116887581287, 605.6836525684145, 0.1345627454297832, -0.0283558546729618, 0]
rectification_matrix:
  rows: 3
  cols: 3
  data: [1, 0, 0, 0, 1, 0, 0, 0, 1]
projection_matrix:
  rows: 3
  cols: 4
  data: [7143.02978515625, 0, 319.1129398271187, 0, 0, 9583.6845703125, 240.4579093524844, 0, 0, 0, 1, 0]