# File generated by charuco_calibration
image_width: 640
image_height: 480
distortion_model: rational_polynomial
camera_name: sony_cam3
camera_matrix:
  rows: 3
  cols: 3
  data: [ 8296.91, 0, 319.032, 0, 12039.5, 238.18, 0, 0, 1, ]
distortion_coefficients:
  rows: 1
  cols: 14
  data: [ 0.550582, -0.0487309, 0.152113, -0.0237809, -5.06282e-05, -0.563377, 0.0487925, 5.06838e-05, 0, 0, 0, 0, 0, 0, ]
rectification_matrix:
  rows: 3
  cols: 3
  data: [ 1, 0, 0, 0, 1, 0, 0, 0, 1, ]
projection_matrix:
  rows: 3
  cols: 4
  data: [ 8296.91, 0, 319.032, 0, 0, 12039.5, 238.18, 0, 0, 0, 1, 0, ]
