# File generated by charuco_calibration
image_width: 640
image_height: 480
distortion_model: rational_polynomial
camera_name: sony_cam2
camera_matrix:
  rows: 3
  cols: 3
  data: [ 9000, 0, 328.922, 0, 9000, 243.291, 0, 0, 1, ]
distortion_coefficients:
  rows: 1
  cols: 14
  data: [ -1.56488, -0.0128634, 0.00610089, 0.0116958, -2.16654e-05, -0.714539, 0.0128627, 2.16617e-05, 0, 0, 0, 0, 0, 0, ]
rectification_matrix:
  rows: 3
  cols: 3
  data: [ 1, 0, 0, 0, 1, 0, 0, 0, 1, ]
projection_matrix:
  rows: 3
  cols: 4
  data: [ 9000, 0, 328.922, 0, 0, 9000, 243.291, 0, 0, 0, 1, 0, ]