image_width: 640
image_height: 480
camera_name: sony_cam1
camera_matrix:
  rows: 3
  cols: 3
  data: [5951.060166232228, 0, 351.4002597585124, 0, 9202.405642881851, 216.2352054141402, 0, 0, 1]
distortion_model: plumb_bob
distortion_coefficients:
  rows: 1
  cols: 5
  data: [-2.014318412202345, -33.12679662643265, 0.06676841766320506, -0.08305171175357519, 0]
rectification_matrix:
  rows: 3
  cols: 3
  data: [1, 0, 0, 0, 1, 0, 0, 0, 1]
projection_matrix:
  rows: 3
  cols: 4
  data: [5931.1318359375, 0, 346.6211765470798, 0, 0, 9236.43359375, 218.0080559005582, 0, 0, 0, 1, 0]