# File generated by charuco_calibration
image_width: 640
image_height: 480
distortion_model: rational_polynomial
camera_name: sony_cam1
camera_matrix:
  rows: 3
  cols: 3
  data: [ 8836.16, 0, 324.74, 0, 11943.5, 241.171, 0, 0, 1, ]
distortion_coefficients:
  rows: 1
  cols: 14
  data: [ -3.4531, -0.029333, -0.00513922, 0.0202451, -3.4209e-05, -2.52028, 0.0293105, 3.41855e-05, 0, 0, 0, 0, 0, 0, ]
rectification_matrix:
  rows: 3
  cols: 3
  data: [ 1, 0, 0, 0, 1, 0, 0, 0, 1, ]
projection_matrix:
  rows: 3
  cols: 4
  data: [ 8836.16, 0, 324.74, 0, 0, 11943.5, 241.171, 0, 0, 0, 1, 0, ]
