# File generated by charuco_calibration
image_width: 640
image_height: 480
distortion_model: rational_polynomial
camera_name: sony_cam3
camera_matrix:
  rows: 3
  cols: 3
  data: [ 9254, 0, 320, 0, 12507.6, 240, 0, 0, 1, ]
distortion_coefficients:
  rows: 1
  cols: 14
  data: [ 10.06006, 0.000309861, 0.272529, -0.0364564, 4.43482e-08, -1.06051, -0.000309935, -4.43577e-08, 0, 0, 0, 0, 0, 0, ]
rectification_matrix:
  rows: 3
  cols: 3
  data: [ 1, 0, 0, 0, 1, 0, 0, 0, 1, ]
projection_matrix:
  rows: 3
  cols: 4
  data: [ 9254, 0, 320, 0, 0, 12507.6, 240, 0, 0, 0, 1, 0, ]
