# File generated by charuco_calibration
image_width: 640
image_height: 480
distortion_model: rational_polynomial
camera_name: sony_cam1
camera_matrix:
  rows: 3
  cols: 3
  data: [ 7710.59, 0, 324.175, 0, 10338.4, 239.544, 0, 0, 1, ]
distortion_coefficients:
  rows: 1
  cols: 14
  data: [ -1.36227, -0.431551, -0.148024, -0.0211552, -0.00077052, 0.689023, 0.430281, 0.000768629, 0, 0, 0, 0, 0, 0, ]
rectification_matrix:
  rows: 3
  cols: 3
  data: [ 1, 0, 0, 0, 1, 0, 0, 0, 1, ]
projection_matrix:
  rows: 3
  cols: 4
  data: [ 7710.59, 0, 324.175, 0, 0, 10338.4, 239.544, 0, 0, 0, 1, 0, ]
