# File generated by charuco_calibration
image_width: 640
image_height: 480
distortion_model: rational_polynomial
camera_name: sony_cam3
camera_matrix:
  rows: 3
  cols: 3
  data: [ 7921.17, 0, 319.776, 0, 10492.3, 239.666, 0, 0, 1, ]
distortion_coefficients:
  rows: 1
  cols: 14
  data: [ -0.649924, 0.07724, 0.0446075, 0.037984, 0.000132657, 0.357712, -0.0770545, -0.000132387, 0, 0, 0, 0, 0, 0, ]
rectification_matrix:
  rows: 3
  cols: 3
  data: [ 1, 0, 0, 0, 1, 0, 0, 0, 1, ]
projection_matrix:
  rows: 3
  cols: 4
  data: [ 7921.17, 0, 319.776, 0, 0, 10492.3, 239.666, 0, 0, 0, 1, 0, ]
