# File generated by charuco_calibration
image_width: 640
image_height: 480
distortion_model: rational_polynomial
camera_name: sony_cam1
camera_matrix:
  rows: 3
  cols: 3
  data: [ 15307.8, 0, 222.715, 0, 22976.3, 358.29, 0, 0, 1, ]
distortion_coefficients:
  rows: 1
  cols: 14
  data: [ 1.64451, -3.34924e-06, 0.186997, -0.0473266, 6.16698e-07, -1.6507, -1.45925e-06, -6.19628e-07, 0, 0, 0, 0, 0, 0, ]
rectification_matrix:
  rows: 3
  cols: 3
  data: [ 1, 0, 0, 0, 1, 0, 0, 0, 1, ]
projection_matrix:
  rows: 3
  cols: 4
  data: [ 15307.8, 0, 222.715, 0, 0, 22976.3, 358.29, 0, 0, 0, 1, 0, ]