# File generated by manual adjustment based on scaling
image_width: 1280
image_height: 720
distortion_model: rational_polynomial
camera_name: sony_cam1
camera_matrix:
  rows: 3
  cols: 3
  data: [ 37916, 0, 641.53, 0, 36582, 362.37, 0, 0, 1, ]
distortion_coefficients:
  rows: 1
  cols: 14
  data: [ -3.34744, -0.000689972, 0.0820179, 0.00181738, -1.24525e-07, 3.34742, 0.000689975, 1.24527e-07, 0, 0, 0, 0, 0, 0, ]
rectification_matrix:
  rows: 3
  cols: 3
  data: [ 1, 0, 0, 0, 1, 0, 0, 0, 1, ]
projection_matrix:
  rows: 3
  cols: 4
  data: [ 37916, 0, 641.53, 0, 0, 36582, 362.37, 0, 0, 0, 1, 0, ]
