# File generated by charuco_calibration
image_width: 1920
image_height: 1080
distortion_model: rational_polynomial
camera_name: camera
camera_matrix:
  rows: 3
  cols: 3
  data: [ 27301.9, 0, 979.312, 0, 27178.2, 549.799, 0, 0, 1, ]
distortion_coefficients:
  rows: 1
  cols: 14
  data: [ -0.820593, -0.0107285, 0.00493516, 0.0199517, -7.15798e-05, 0.800167, 0.0106562, 7.15056e-05, 0, 0, 0, 0, 0, 0, ]
rectification_matrix:
  rows: 3
  cols: 3
  data: [ 1, 0, 0, 0, 1, 0, 0, 0, 1, ]
projection_matrix:
  rows: 3
  cols: 4
  data: [ 27301.9, 0, 979.312, 0, 0, 27178.2, 549.799, 0, 0, 0, 1, 0, ]
