# oST version 5.0 parameters


[image]

width
640

height
480

[narrow_stereo]

camera matrix
3024.725835 0.000000 287.076033
0.000000 4034.566089 241.474589
0.000000 0.000000 1.000000

distortion
0.089091 -29.155739 -0.039553 0.001519 0.000000

rectification
1.000000 0.000000 0.000000
0.000000 1.000000 0.000000
0.000000 0.000000 1.000000

projection
3018.251709 0.000000 286.245903 0.000000
0.000000 4031.390869 238.939373 0.000000
0.000000 0.000000 1.000000 0.000000
